3421
4719
4884
4885
4889
4890
4894
4896
4901
5046
9952
10009
10020
10069
10136
10145
10204
10221
10294
10330
10352
10370
10394
10398
10413
10468
10495
10499
10527
10536
10567
10572
10587
10594
10618
10630
10644
10657
10664
10692
10740
10782
10783
10787
10796
10805
10822
10828
10831
10873
10894
10898
10907
10922
10940
10942
10961
10974
10981
10993
11072
11086
11098
11109
11121
11318
11324
11376
11444
11496
11507
11537
11550
11567
11570
11574
11584
11602
11604
11609
11611
11634
11636
11716
11717
11727
11757
11780
11781
11785
11790
11791
11800
11825
11829
11830
11832
11870
11879
11887
11898
11907
11933
11940
11946
11948
11949
11983
11985
12018
12051
12076
12078
12098
12108
12115
12116
12134
12136
12141
12145
12146
12154
12159
12174
12189
12202
12255
12259
12270
12300
12301
12325
12364
12365
12387
12396
12410
12424
12446
12462
12518